Hello, world!
num: 000000000000   result: 0000 0000 0000 0000  final: 0000 0001 1110 0000
num: 000000000111   result: 0000 0000 0000 0111  final: 1110 0000 0000 1110
num: 000000001110   result: 0000 0000 0000 1110  final: 0000 0000 0001 1100
num: 000000010101   result: 0000 0000 0001 0101  final: 0000 0000 0010 1010
num: 000000011100   result: 0000 0000 0001 1100  final: 0000 0000 0011 1000
num: 000000100011   result: 0000 0000 0010 0011  final: 0000 0000 0100 0110
num: 000000101010   result: 0000 0000 0010 1010  final: 0000 0000 0101 0100
num: 000000110001   result: 0000 0000 0011 0001  final: 0000 0000 0110 0010
num: 000000111000   result: 0000 0000 0011 1000  final: 0000 0000 0111 0000
num: 000000111111   result: 0000 0000 0011 1111  final: 0000 0000 0111 1110
num: 000001000110   result: 0000 0000 0100 0110  final: 1110 0000 1000 1100
num: 000001001101   result: 0000 0000 0100 1101  final: 1110 0000 1001 1010
num: 000001010100   result: 0000 0000 0101 0100  final: 0000 0000 1010 1000
num: 000001011011   result: 0000 0000 0101 1011  final: 0000 0000 1011 0110
num: 000001100010   result: 0000 0000 0110 0010  final: 0000 0000 1010 0100
num: 000001101001   result: 0000 0000 0110 1001  final: 0000 0000 1101 0010
num: 000001110000   result: 0000 0000 0111 0000  final: 1110 0000 1110 0000
num: 000001110111   result: 0000 0000 0111 0111  final: 1110 0000 1110 1110
num: 000001111110   result: 0000 0000 0111 1110  final: 1110 0000 1111 1100
num: 000010000101   result: 0000 0000 1000 0101  final: 0001 1111 0000 1010
num: 000010001100   result: 0000 0000 1000 1100  final: 1111 1111 0001 1000
num: 000010010011   result: 0000 0000 1001 0011  final: 0001 1111 0010 0110
num: 000010011010   result: 0000 0000 1001 1010  final: 0000 0001 0011 0100
num: 000010100001   result: 0000 0000 1010 0001  final: 0000 0001 0100 0010
num: 000010101000   result: 0000 0000 1010 1000  final: 0000 0001 0011 0000
num: 000010101111   result: 0000 0000 1010 1111  final: 1110 0001 0101 1110
num: 000010110110   result: 0000 0000 1011 0110  final: 0000 0001 0110 1100
num: 000010111101   result: 0000 0000 1011 1101  final: 0000 0001 0111 1010
num: 000011000100   result: 0000 0000 1100 0100  final: 0000 0001 1000 1000
num: 000011001011   result: 0000 0000 1100 1011  final: 0000 0001 1001 0110
num: 000011010010   result: 0000 0000 1101 0010  final: 0000 0001 1010 0100
num: 000011011001   result: 0000 0000 1101 1001  final: 0000 0001 1011 0010
num: 000011100000   result: 0000 0000 1110 0000  final: 0000 0001 1010 0000
num: 000011100111   result: 0000 0000 1110 0111  final: 0000 0001 1100 1110
num: 000011101110   result: 0000 0000 1110 1110  final: 0000 0001 1101 1100
num: 000011110101   result: 0000 0000 1111 0101  final: 1110 0001 1110 1010
num: 000011111100   result: 0000 0000 1111 1100  final: 0000 0001 1111 1000
num: 000100000011   result: 0000 0001 0000 0011  final: 0000 0000 0000 0110
num: 000100001010   result: 0000 0001 0000 1010  final: 0000 0010 0001 0100
num: 000100010001   result: 0000 0001 0001 0001  final: 0000 0010 0010 0010
num: 000100011000   result: 0000 0001 0001 1000  final: 0000 0010 0011 0000
num: 000100011111   result: 0000 0001 0001 1111  final: 0000 0010 0011 1110
num: 000100100110   result: 0000 0001 0010 0110  final: 0000 0010 0100 1100
num: 000100101101   result: 0000 0001 0010 1101  final: 0000 0010 0101 1010
num: 000100110100   result: 0000 0001 0011 0100  final: 0000 0010 0110 1000
num: 000100111011   result: 0000 0001 0011 1011  final: 0000 0010 0111 0110
num: 000101000010   result: 0000 0001 0100 0010  final: 0000 0010 1000 0100
num: 000101001001   result: 0000 0001 0100 1001  final: 0000 0010 1001 0010
num: 000101010000   result: 0000 0001 0101 0000  final: 0000 0010 1010 0000
num: 000101010111   result: 0000 0001 0101 0111  final: 0000 0010 1010 1110
num: 000101011110   result: 0000 0001 0101 1110  final: 0000 0010 1011 1100
num: 000101100101   result: 0000 0001 0110 0101  final: 0000 0010 1100 1010
num: 000101101100   result: 0000 0001 0110 1100  final: 0000 0010 1101 1000
num: 000101110011   result: 0000 0001 0111 0011  final: 0000 0010 1110 0110
num: 000101111010   result: 0000 0001 0111 1010  final: 0000 0010 1111 0100
num: 000110000001   result: 0000 0001 1000 0001  final: 0000 0011 0000 0010
num: 000110001000   result: 0000 0001 1000 1000  final: 0000 0010 1111 0000
num: 000110001111   result: 0000 0001 1000 1111  final: 0000 0011 0001 1110
num: 000110010110   result: 0000 0001 1001 0110  final: 0000 0011 0010 1100
num: 000110011101   result: 0000 0001 1001 1101  final: 0000 0011 0011 1010
num: 000110100100   result: 0000 0001 1010 0100  final: 0000 0011 0100 1000
num: 000110101011   result: 0000 0001 1010 1011  final: 0000 0011 0101 0110
num: 000110110010   result: 0000 0001 1011 0010  final: 0000 0011 0110 0100
num: 000110111001   result: 0000 0001 1011 1001  final: 0000 0011 0101 0010
num: 000111000000   result: 0000 0001 1100 0000  final: 0000 0011 0110 0000
num: 000111000111   result: 0000 0001 1100 0111  final: 0000 0011 1000 1110
num: 000111001110   result: 0000 0001 1100 1110  final: 0000 0011 1001 1100
num: 000111010101   result: 0000 0001 1101 0101  final: 0000 0011 1010 1010
num: 000111011100   result: 0000 0001 1101 1100  final: 0000 0011 1011 1000
num: 000111100011   result: 0000 0001 1110 0011  final: 0000 0011 1100 0110
num: 000111101010   result: 0000 0001 1110 1010  final: 0000 0011 1101 0100
num: 000111110001   result: 0000 0001 1111 0001  final: 0000 0011 1110 0010
num: 000111111000   result: 0000 0001 1111 1000  final: 0000 0011 1101 0000
num: 000111111111   result: 0000 0001 1111 1111  final: 0000 0011 1111 1110
num: 001000000110   result: 0000 0010 0000 0110  final: 0000 0100 0000 1100
num: 001000001101   result: 0000 0010 0000 1101  final: 0000 0100 0001 1010
num: 001000010100   result: 0000 0010 0001 0100  final: 0000 0100 0010 1000
num: 001000011011   result: 0000 0010 0001 1011  final: 0000 0100 0011 0110
num: 001000100010   result: 0000 0010 0010 0010  final: 0000 0100 0100 0100
num: 001000101001   result: 0000 0010 0010 1001  final: 0000 0100 0101 0010
